null -> [1,0,0,0,0,0,0,0,0,0,0,0,0,0,0]
80005999 -> [0,1,0,0,0,0,0,0,0,0,0,0,0,0,0]
80009999 -> [0,0,1,0,0,0,0,0,0,0,0,0,0,0,0]
80008999 -> [0,0,0,1,0,0,0,0,0,0,0,0,0,0,0]
80007988 -> [0,0,0,0,1,0,0,0,0,0,0,0,0,0,0]
80008998 -> [0,0,0,0,0,1,0,0,0,0,0,0,0,0,0]
80007993 -> [0,0,0,0,0,0,1,0,0,0,0,0,0,0,0]
80005998 -> [0,0,0,0,0,0,0,1,0,0,0,0,0,0,0]
80009992 -> [0,0,0,0,0,0,0,0,1,0,0,0,0,0,0]
80003999 -> [0,0,0,0,0,0,0,0,0,1,0,0,0,0,0]
80007991 -> [0,0,0,0,0,0,0,0,0,0,1,0,0,0,0]
80007996 -> [0,0,0,0,0,0,0,0,0,0,0,1,0,0,0]
80004999 -> [0,0,0,0,0,0,0,0,0,0,0,0,1,0,0]
80009995 -> [0,0,0,0,0,0,0,0,0,0,0,0,0,1,0]
80001504 -> [0,0,0,0,0,0,0,0,0,0,0,0,0,0,1]
